(-2035, 646, -5243)
(-1990, 650, -5350)
(-1932, 631, -5253)
(-1855, -521, -5265)
(-1822, -505, -5189)
(-1801, -493, -5091)
(-1736, 924, -4248)
(-1732, 613, -6757)
(-1658, -392, -4345)
(-1631, -406, -4381)
(-1626, 590, -6713)
(-1607, -691, -6748)
(-1585, 883, -4218)
(-1564, -439, -4241)
(-1555, -630, -6712)
(-1505, -610, -6754)
(-1498, 929, -4268)
(-1491, 607, -6740)
(-1218, 20, -4664)
(-1178, -52, -5957)
(-1064, 89, -4782)
(-849, -1625, -3024)
(-837, 2947, -1938)
(-836, -4184, -1871)
(-824, 3058, -4044)
(-823, -1594, -2994)
(-816, -544, -567)
(-805, -4072, -1751)
(-798, 1966, -3028)
(-795, 560, -2867)
(-793, 5525, -4213)
(-783, 886, -4004)
(-782, 798, -3922)
(-777, 1943, -2905)
(-767, 673, -2895)
(-762, -635, -608)
(-759, 5483, -4053)
(-758, 5490, -4213)
(-757, -361, -1648)
(-756, 915, -4047)
(-751, -3212, -4128)
(-751, 2955, -4162)
(-750, -3165, -4046)
(-745, -1599, -2961)
(-736, 758, -6570)
(-730, 2012, -3063)
(-725, 2935, -1816)
(-722, -4127, -1745)
(-715, 621, -2997)
(-709, -3220, -4228)
(-694, -288, -1662)
(-688, 4318, -5165)
(-685, -537, -490)
(-678, 2919, -4038)
(-652, 3015, -1935)
(-627, 3199, -5030)
(-618, 4418, -5139)
(-608, -399, -1703)
(-607, 1893, -4111)
(-601, 3236, -5204)
(-593, 782, -5422)
(-586, -4392, -2834)
(-585, 829, -5380)
(-584, 370, -1492)
(-570, 732, -6662)
(-566, -2921, -2684)
(-566, 371, -1540)
(-550, -1786, -3885)
(-541, -4296, -2789)
(-540, 492, 683)
(-522, 2057, -4154)
(-517, 706, -6547)
(-509, -702, -3865)
(-508, -739, -6538)
(-507, 2023, -4145)
(-506, 516, 563)
(-504, 4386, -5171)
(-493, 420, -1607)
(-487, -2905, -1468)
(-485, -2931, -2891)
(-485, 3952, -4002)
(-482, 866, -5424)
(-474, 3225, -5084)
(-472, -578, -6630)
(-467, 4129, -3954)
(-461, -2911, -2682)
(-458, -2868, -1613)
(-455, 3072, -2844)
(-454, 4311, -3071)
(-453, -732, -6748)
(-453, 3241, -2805)
(-443, 4467, -2985)
(-437, -483, -2899)
(-435, -718, 795)
(-433, -635, -2879)
(-427, 366, -518)
(-426, -1709, -3929)
(-424, 3086, -2886)
(-420, -1891, -3928)
(-419, 574, 648)
(-409, 412, -368)
(-408, -4416, -2825)
(-397, -1484, -1670)
(-385, -481, -5619)
(-370, -634, -3850)
(-363, -696, 767)
(-357, 4346, -2972)
(-355, 1666, -1852)
(-348, -1461, -1817)
(-344, -518, -2898)
(-342, -819, 826)
(-331, 1709, -1766)
(-324, 4069, -3992)
(-313, 5467, -5253)
(-311, 1617, -1903)
(-308, -661, -3904)
(-305, -1564, -1693)
(-298, -586, -5535)
(-298, 5590, -5219)
(-295, 471, -487)
(-292, -658, -5600)
(-283, -2891, -1529)
(-260, 5473, -5328)
(-51, 1287, -3585)
(-38, -28, -4635)
(-35, 2413, -3568)
(-21, 130, -1210)
(-19, -2280, -2239)
(-18, -2388, -3610)
(-12, 2518, -2250)
(1, 3601, -4678)
(1, 3629, -3533)
(14, -1234, -3511)
(33, 119, 14)
(38, -3562, -2234)
(59, 4819, -4709)
(63, -8, -1082)
(65, -2316, -3447)
(83, 1181, -3473)
(87, -2427, -2325)
(94, 105, -4766)
(100, 89, -2296)
(101, -23, -5910)
(108, 2, -3508)
(117, -3625, -2419)
(127, 2502, -3486)
(128, -27, 104)
(128, 2436, -2372)
(133, 3737, -3607)
(352, -625, -3167)
(354, 4251, -2896)
(355, 561, -7634)
(366, 449, -7653)
(371, -698, -3116)
(374, 5632, -4244)
(386, 794, -527)
(389, -577, -3200)
(391, 495, -7442)
(392, 740, -6510)
(398, 573, 572)
(402, 866, -6566)
(421, 5654, -4359)
(447, 2831, -2712)
(452, -2037, -6267)
(452, 802, -6595)
(460, 4328, -2988)
(463, 729, 497)
(465, -1540, -1846)
(466, 681, -536)
(470, 4108, -5209)
(475, -803, -4004)
(481, -1499, -4014)
(494, 712, -428)
(496, -435, -7610)
(498, -4210, -1636)
(501, 1830, -3145)
(503, 604, 588)
(505, -1525, -3937)
(519, -4241, -1724)
(519, 2990, -3976)
(520, 2859, -4024)
(526, 2798, -2690)
(528, -1990, -6340)
(528, -1615, -1794)
(544, -1874, -5108)
(546, -2054, -6371)
(550, -4344, -1617)
(557, 5587, -4279)
(560, 2884, -3856)
(567, -292, -7589)
(575, 3949, -5184)
(584, 1825, -3049)
(588, 3970, -5240)
(591, -778, -3888)
(592, -2907, -4040)
(597, 4242, -2943)
(599, -1526, -4068)
(602, -744, -4109)
(610, 645, -3888)
(611, -1796, -5144)
(613, -1782, -5107)
(621, -854, 416)
(626, -1661, -1836)
(628, 4433, -4194)
(631, -3004, -3902)
(635, -3021, -4110)
(635, 688, -2956)
(642, 1794, -3181)
(642, 2921, -2722)
(643, -539, -6381)
(647, -562, -5469)
(652, -2725, -1830)
(652, 4364, -4273)
(655, -318, -7626)
(655, 670, -4041)
(663, -4252, -2747)
(673, -402, -6423)
(678, 1555, -1651)
(682, 3195, -1938)
(683, -345, -6432)
(684, 779, -3052)
(685, -758, 404)
(688, 1549, -1677)
(689, 691, -3984)
(698, -4087, -2661)
(704, 4380, -4098)
(707, -502, -5492)
(707, 3217, -2006)
(709, -4183, -2631)
(717, -2734, -1721)
(734, -774, 473)
(741, 1617, -1682)
(755, 491, -1992)
(759, -703, -1751)
(795, 2052, -4279)
(796, -729, -1771)
(796, 628, -3027)
(803, 5394, -5522)
(805, -2839, -1820)
(807, 5320, -5503)
(814, -582, -5573)
(817, 389, -1871)
(821, 3126, -2002)
(825, -767, -571)
(831, -2907, -3113)
(838, 1829, -4295)
(844, 3080, -5317)
(847, -773, -432)
(848, -661, -1705)
(868, 467, -1974)
(871, 2057, -4292)
(874, -1476, -3078)
(874, 3056, -5369)
(885, -1674, -3057)
(898, -3101, -3106)
(904, 5340, -5411)
(907, -1675, -3075)
(911, -3054, -3182)
(928, 373, -5081)
(930, 491, -5046)
(939, -738, -439)
(945, 569, -5117)
(946, 2952, -5273)
(1149, 2481, -2225)
(1165, -1229, -6021)
(1171, -53, 141)
(1173, -42, -5876)
(1174, 136, -3603)
(1184, 92, -7094)
(1189, -27, -4712)
(1225, 1190, -3525)
(1280, 2349, -2263)
(1298, -1106, -5946)
(1304, 135, 129)
(1323, 10, -3465)
(1324, -29, 4)
(1338, 72, -5983)
(1343, 130, -4797)
(1575, -518, 684)
(1580, -704, -2936)
(1613, 2001, -1836)
(1637, -553, -2859)
(1638, -619, -4302)
(1650, -602, -4182)
(1651, -417, 633)
(1656, 498, -582)
(1665, 3105, -1793)
(1671, 2023, -1917)
(1677, 651, -578)
(1681, 645, -556)
(1683, 3168, -1793)
(1686, 1921, -1969)
(1693, -417, 652)
(1694, 572, -2801)
(1699, -463, -4241)
(1726, 3004, -1803)
(1744, -585, -2933)
(1758, 663, -2742)
(1759, 2920, -2825)
(1769, -459, -672)
(1771, 576, -7526)
(1773, 519, -7623)
(1778, 1727, -3043)
(1791, 734, -6625)
(1794, -1988, -5260)
(1801, 2861, -2995)
(1809, 372, -7555)
(1814, 1715, -3081)
(1827, -2015, -5226)
(1833, -313, -7796)
(1840, 674, -6719)
(1852, -1872, -5227)
(1860, 553, -2696)
(1866, -651, -6523)
(1867, 2835, -2809)
(1868, 718, -3834)
(1870, 884, 971)
(1875, 729, -6694)
(1882, -1695, -6805)
(1883, -608, -6516)
(1888, -1563, -6729)
(1894, -584, -702)
(1916, 1676, -3130)
(1927, 790, -3884)
(1950, 1821, -4119)
(1952, -358, -7862)
(1952, 801, 970)
(1953, -688, -6368)
(1954, 624, -3834)
(1970, -449, -646)
(1979, -1710, -6749)
(2012, 764, -5270)
(2013, 564, -5172)
(2023, 1656, -4156)
(2041, -314, -7828)
(2046, -410, -5147)
(2047, 843, 920)
(2077, 1805, -4121)
(2080, 707, -5158)
(2091, -402, -5275)
(2096, -459, -5121)
(2470, 130, -3607)
(2536, 30, -3450)
(2825, 507, -3928)
(2848, 617, -3851)
(2889, 398, -3869)
(2931, -332, -3131)
(2976, -334, -4077)
(2978, 813, -3066)
(3063, -312, -4210)
(3070, -267, -3043)
(3075, -351, -4192)
(3108, -305, -3060)
(3122, 914, -3033)
(3225, 823, -3090)