(-2035, 646, -5243)
(-1990, 650, -5350)
(-1932, 631, -5253)
(-1907, -714, -930)
(-1881, -724, -936)
(-1876, -777, -868)
(-1855, -521, -5265)
(-1822, -505, -5189)
(-1801, -493, -5091)
(-1792, 295, -776)
(-1765, -1701, 620)
(-1765, -1719, 683)
(-1755, -1762, 519)
(-1742, 689, 450)
(-1736, 924, -4248)
(-1732, 613, -6757)
(-1722, -1649, -484)
(-1706, 319, -819)
(-1658, -392, -4345)
(-1655, 275, -868)
(-1641, -1707, -462)
(-1631, -406, -4381)
(-1626, 590, -6713)
(-1623, 616, 530)
(-1620, -718, 710)
(-1620, 801, 462)
(-1607, -691, -6748)
(-1589, -1722, -564)
(-1585, 883, -4218)
(-1564, -439, -4241)
(-1556, -857, 641)
(-1555, -630, -6712)
(-1552, -743, 732)
(-1505, -610, -6754)
(-1498, 929, -4268)
(-1491, 607, -6740)
(-1333, -1185, -4)
(-1308, -24, 33)
(-1295, -1316, -136)
(-1218, 20, -4664)
(-1186, -164, -49)
(-1178, -52, -5957)
(-1064, 89, -4782)
(-868, -562, 313)
(-849, -1625, -3024)
(-846, -483, 346)
(-836, -678, 436)
(-836, -4184, -1871)
(-823, -1594, -2994)
(-816, -544, -567)
(-805, -4072, -1751)
(-795, 560, -2867)
(-783, 886, -4004)
(-782, 798, -3922)
(-767, 673, -2895)
(-762, -635, -608)
(-757, -361, -1648)
(-756, 915, -4047)
(-753, 417, 756)
(-751, -3212, -4128)
(-750, -3165, -4046)
(-749, -1903, 350)
(-745, -1599, -2961)
(-736, 758, -6570)
(-733, -1795, 435)
(-722, -4127, -1745)
(-715, 621, -2997)
(-714, 419, 587)
(-709, -3220, -4228)
(-705, -739, -768)
(-694, -288, -1662)
(-685, -537, -490)
(-677, -626, -740)
(-672, 388, 601)
(-667, 644, -750)
(-662, -390, 1766)
(-653, 741, -542)
(-616, -611, 662)
(-615, -633, 1757)
(-608, -399, -1703)
(-593, 782, -5422)
(-586, 321, 1861)
(-586, -4392, -2834)
(-585, 829, -5380)
(-584, 370, -1492)
(-575, -678, -688)
(-573, 407, 1982)
(-570, -496, 1843)
(-570, 732, -6662)
(-566, 371, -1540)
(-566, -2921, -2684)
(-563, -1837, 376)
(-550, -1786, -3885)
(-545, -671, 823)
(-544, 667, -771)
(-541, -4296, -2789)
(-540, 492, 683)
(-530, 762, -519)
(-523, 526, 611)
(-520, -520, 711)
(-517, 706, -6547)
(-515, -1814, -758)
(-509, 713, -703)
(-509, -620, -660)
(-509, -702, -3865)
(-508, -739, -6538)
(-506, 516, 563)
(-495, 694, -473)
(-493, 420, -1607)
(-487, -2905, -1468)
(-487, 418, 1826)
(-485, -2931, -2891)
(-482, 866, -5424)
(-477, -1850, -770)
(-472, -578, -6630)
(-461, -2911, -2682)
(-458, -2868, -1613)
(-453, -732, -6748)
(-437, -483, -2899)
(-435, -718, 795)
(-433, -635, -2879)
(-428, -1952, -809)
(-427, 366, -518)
(-427, 531, 528)
(-426, -1709, -3929)
(-420, -1891, -3928)
(-419, 574, 648)
(-413, -537, -655)
(-409, 412, -368)
(-408, -4416, -2825)
(-397, -1484, -1670)
(-391, 495, 669)
(-385, -481, -5619)
(-377, -678, -691)
(-370, -634, -3850)
(-363, -696, 767)
(-348, -1461, -1817)
(-344, -518, -2898)
(-342, -819, 826)
(-308, -661, -3904)
(-305, -1564, -1693)
(-298, -586, -5535)
(-295, 471, -487)
(-292, -658, -5600)
(-283, -2891, -1529)
(-99, -118, 110)
(-72, -163, 17)
(-38, -28, -4635)
(-25, -37, 1144)
(-21, 130, -1210)
(-19, -2280, -2239)
(-18, -2388, -3610)
(10, -1, -72)
(13, -12, -24)
(14, -1234, -3511)
(33, 119, 14)
(38, -3562, -2234)
(49, -169, 1252)
(63, -8, -1082)
(65, -2316, -3447)
(87, -2427, -2325)
(94, 105, -4766)
(100, 89, -2296)
(101, -23, -5910)
(108, 2, -3508)
(117, -3625, -2419)
(128, -27, 104)
(298, -596, 399)
(316, -654, 637)
(350, -501, -755)
(352, -625, -3167)
(355, 561, -7634)
(366, 449, -7653)
(371, -698, -3116)
(386, 794, -527)
(389, -577, -3200)
(391, 495, -7442)
(392, 740, -6510)
(396, 431, 1644)
(398, 573, 572)
(402, 866, -6566)
(412, -608, 716)
(418, -555, 505)
(432, -413, -756)
(434, 288, 1584)
(444, 449, 1467)
(452, -2037, -6267)
(452, 802, -6595)
(463, 729, 497)
(465, -1540, -1846)
(466, -556, 374)
(466, 681, -536)
(469, -629, 682)
(475, -384, -729)
(475, -803, -4004)
(480, 642, 434)
(481, -1499, -4014)
(486, 788, 573)
(494, 712, -428)
(495, 723, 2998)
(496, -435, -7610)
(498, -4210, -1636)
(501, 1830, -3145)
(503, 604, 588)
(505, -1525, -3937)
(519, -4241, -1724)
(528, -1615, -1794)
(528, -1990, -6340)
(539, 594, -580)
(540, -740, 1895)
(544, -1874, -5108)
(546, -2054, -6371)
(550, -4344, -1617)
(553, 571, -592)
(567, -292, -7589)
(573, 724, -480)
(582, 758, -495)
(584, 1825, -3049)
(587, 471, -462)
(591, -778, -3888)
(592, -2907, -4040)
(596, 486, -428)
(599, -1526, -4068)
(602, -744, -4109)
(604, 715, 470)
(610, 645, -3888)
(611, -1796, -5144)
(613, -1782, -5107)
(621, -854, 416)
(626, -1661, -1836)
(631, -3004, -3902)
(635, 688, -2956)
(635, -3021, -4110)
(636, -664, 1948)
(642, 1794, -3181)
(643, -539, -6381)
(647, -562, -5469)
(652, -2725, -1830)
(655, 670, -4041)
(655, 757, 3040)
(655, 722, 3005)
(655, -318, -7626)
(663, -4252, -2747)
(673, -402, -6423)
(683, -345, -6432)
(684, 779, -3052)
(685, -758, 404)
(686, -410, 3147)
(689, 691, -3984)
(698, -4087, -2661)
(707, -502, -5492)
(707, 753, 822)
(709, -4183, -2631)
(715, -688, 1879)
(717, -2734, -1721)
(720, 758, 898)
(721, -831, -433)
(721, -593, 3102)
(723, 530, 865)
(734, -774, 473)
(734, -907, -428)
(737, -874, -656)
(755, 491, -1992)
(759, -703, -1751)
(795, 2052, -4279)
(796, 628, -3027)
(796, -729, -1771)
(801, -457, 3169)
(805, -2839, -1820)
(814, -582, -5573)
(817, 389, -1871)
(825, -767, -571)
(831, -2907, -3113)
(838, 1829, -4295)
(847, -773, -432)
(848, -661, -1705)
(868, 467, -1974)
(871, 2057, -4292)
(874, -1476, -3078)
(885, -1674, -3057)
(898, -3101, -3106)
(907, -1675, -3075)
(911, -3054, -3182)
(928, 373, -5081)
(930, 491, -5046)
(939, -738, -439)
(945, 569, -5117)
(1120, -37, 1116)
(1151, -95, 2334)
(1165, -1229, -6021)
(1171, -53, 141)
(1173, -42, -5876)
(1174, 136, -3603)
(1184, 92, -7094)
(1189, -27, -4712)
(1225, 1190, -3525)
(1298, -1106, -5946)
(1304, 135, 129)
(1323, 10, -3465)
(1324, -29, 4)
(1338, 72, -5983)
(1343, 130, -4797)
(1472, 591, 714)
(1526, 438, 740)
(1575, -518, 684)
(1580, -704, -2936)
(1581, 582, 1933)
(1607, 652, 1833)
(1613, 468, 1901)
(1626, -611, 1464)
(1637, -553, -2859)
(1638, -619, -4302)
(1646, 565, 751)
(1650, -602, -4182)
(1651, -506, 1623)
(1651, -417, 633)
(1656, 498, -582)
(1661, 262, 3105)
(1677, 651, -578)
(1681, 645, -556)
(1682, -624, 1485)
(1693, -417, 652)
(1694, 572, -2801)
(1695, 277, 2982)
(1699, -463, -4241)
(1715, -982, 467)
(1744, -585, -2933)
(1758, 663, -2742)
(1759, -880, 595)
(1769, -459, -672)
(1770, 224, 2988)
(1771, 576, -7526)
(1773, 519, -7623)
(1778, 1727, -3043)
(1791, 734, -6625)
(1794, -1988, -5260)
(1809, 372, -7555)
(1811, -910, 571)
(1814, 1715, -3081)
(1827, -2015, -5226)
(1833, -313, -7796)
(1840, 674, -6719)
(1852, -1872, -5227)
(1853, -940, 2855)
(1860, 553, -2696)
(1866, -651, -6523)
(1868, 718, -3834)
(1870, 884, 971)
(1875, 729, -6694)
(1882, -1695, -6805)
(1883, -608, -6516)
(1888, -1563, -6729)
(1894, -584, -702)
(1916, 1676, -3130)
(1927, 790, -3884)
(1945, -843, 2835)
(1950, 1821, -4119)
(1952, 801, 970)
(1952, -358, -7862)
(1953, -688, -6368)
(1954, 624, -3834)
(1964, -839, 2909)
(1970, -449, -646)
(1979, -1710, -6749)
(2012, 764, -5270)
(2013, 564, -5172)
(2023, 1656, -4156)
(2041, -314, -7828)
(2046, -410, -5147)
(2047, 843, 920)
(2077, 1805, -4121)
(2080, 707, -5158)
(2091, -402, -5275)
(2096, -459, -5121)
(2470, 130, -3607)
(2536, 30, -3450)
(2825, 507, -3928)
(2848, 617, -3851)
(2889, 398, -3869)
(2931, -332, -3131)
(2976, -334, -4077)
(2978, 813, -3066)
(3063, -312, -4210)
(3070, -267, -3043)
(3075, -351, -4192)
(3108, -305, -3060)
(3122, 914, -3033)
(3225, 823, -3090)